text_mat before:
[[72, 101, 108, 108], [111, 32, 87, 111], [114, 108, 100, 44], [32, 84, 104, 105]]

text_mat after:
[[35621, 36496, 43995, 39998], [35450, 35335, 43824, 41195], [36917, 35539, 43713, 40298], [36443, 35305, 43629, 40061]]


key_mat:
[[112, 97, 115, 115], [115, 112, 97, 115], [115, 115, 112, 97], [97, 115, 115, 112]]

inv_key_mat:
[[5.1076133080688895e-05, 5.244424378820734e-05, 5.244424378820734e-05, 4.423557954309663e-05], [4.423557954309663e-05, 5.1076133080688895e-05, 5.244424378820734e-05, 5.244424378820734e-05], [5.244424378820734e-05, 4.423557954309663e-05, 5.1076133080688895e-05, 5.244424378820734e-05], [5.244424378820734e-05, 5.244424378820734e-05, 4.423557954309663e-05, 5.1076133080688895e-05]]


